Results of quantile(yPred[i,], c(0.5, 0.025, 0.975)):

50%     2.5%    97.5%
12.54112 12.24028 12.88699
11.60997 11.30243 11.88968
12.08288 11.78520 12.37319
11.31448 10.99417 11.62906
11.25760 10.94902 11.57304
11.84509 11.51845 12.13182
11.17686 10.87542 11.47428
11.94663 11.66066 12.26645
11.62990 11.33592 11.92950
11.73300 11.42627 12.03555
11.56882 11.26365 11.84649
11.72536 11.41302 12.03458
11.93750 11.61875 12.23337
12.07284 11.77810 12.38064
11.41133 11.09068 11.70030
11.68475 11.38750 11.97208
11.38455 11.08564 11.69593
11.92074 11.60665 12.21082
11.58368 11.28273 11.86896
11.48162 11.18580 11.79638
11.17945 10.87066 11.47482
11.69655 11.39347 11.98846
11.54196 11.24352 11.83903
11.81415 11.52909 12.11605
11.85046 11.53984 12.16199
11.94146 11.62400 12.23722
11.60007 11.28099 11.89290
11.8538 11.5550 12.1692
11.49065 11.18270 11.79086
12.22471 11.94666 12.53276
11.52846 11.25795 11.86051
11.81218 11.50765 12.11096
11.58155 11.27443 11.88736
11.88277 11.55647 12.18278
11.77116 11.45761 12.06732
